<?xml version="1.0"?>
<opencv_storage>
<nrofframes>18</nrofframes>
<image_width>1920</image_width>
<image_height>1080</image_height>
<board_width>8</board_width>
<board_height>6</board_height>
<square_size>1</square_size>
<camera_matrix type_id="opencv-matrix">
  <rows>3</rows>
  <cols>3</cols>
  <dt>d</dt>
  <data>
    1.3937974610789126e+03 0. 9.7708012780220508e+02 0.
    1.3938588803535454e+03 6.1101315700088355e+02 0. 0. 1.</data></camera_matrix>
<distortion_coefficients type_id="opencv-matrix">
  <rows>5</rows>
  <cols>1</cols>
  <dt>d</dt>
  <data>
    8.1347846122260190e-02 -7.4848590384775537e-02
    3.7512338688275499e-03 6.5415626432912726e-03
    -9.5741849940592219e-02</data></distortion_coefficients>
<reprojection_error>6.2612932920455933e-01</reprojection_error>
<extrinsic_parameters type_id="opencv-matrix">
  <rows>18</rows>
  <cols>6</cols>
  <dt>d</dt>
  <data>
    -2.7178647731711192e-02 1.3907466674298061e-04
    5.3776965517367660e-03 -5.1703626803490117e+00
    -4.1890484024353327e+00 2.8940053534067811e+01
    2.5051190647691868e-01 -4.8498915734458609e-01
    -1.6917859272554809e-02 -1.4088272485506799e+01
    -8.5662397483956987e+00 2.3603637609951964e+01
    3.2033727890607600e-01 -1.2268775125861277e-01
    2.5406917301814300e-02 2.7024804903635351e+00
    -9.2931767674665355e+00 2.8360390861312791e+01
    -3.0056060034705095e-01 -4.2402568079662212e-01
    -1.8576637249015562e-01 -1.2461191805919716e+01
    -1.5507820001330161e+00 2.4675793953862009e+01
    5.7913054508681575e-02 -3.2267983600405781e-01
    -1.1637154803789322e-01 -5.6180140763480946e+00
    -1.1506383960694635e+00 2.8052550736699501e+01
    2.1037016971919436e-02 2.2562818552326086e-01
    -1.3976786061951821e-01 3.6088332555294991e+00
    -3.7087822890373521e+00 3.3903770833293720e+01
    1.7457087196346521e-01 -3.8043173861156310e-01
    -1.1189256428787477e-01 -5.1263093967198756e+00
    -1.9123374893735172e+00 2.7207622085459686e+01
    -2.3266991760467118e-01 2.1405189735493438e-01
    -7.2298664607206220e-01 4.6799798111795070e+00
    -1.7362217538223244e+00 2.5005035583608887e+01
    -1.6081523609843665e-01 -4.8960940365372918e-01
    -5.3151757994824758e-02 -1.1742316620453083e+01
    -1.9930604880662599e+00 2.1195481234357423e+01
    1.7961620182443913e-01 -3.4152233803012255e-01
    -8.3604301560308125e-02 -9.2185298541970813e+00
    -2.3750828110921932e-01 2.8102981264560480e+01
    -3.0957357206025965e-01 -3.2533500651551017e-01
    -1.1760643953145900e-02 -8.8253056756275861e+00
    -2.4922771195079368e-01 2.2532760535834292e+01
    -1.3080840865726101e-01 -2.5599634548622885e-01
    2.6866629489868588e-01 -1.1677070025616493e+01
    -1.6369715032434722e+00 2.8994964754380160e+01
    -7.5492554238743792e-02 4.1904085771475315e-02
    -1.4922840399841316e-02 9.3982556799127259e-01
    -4.6976109317946948e+00 3.4091477048501396e+01
    -7.2878033380906967e-02 1.8656688164060548e-01
    -2.1305632773195682e-04 -4.6168029114924403e-01
    -2.8644126198746540e+00 2.7574159172249054e+01
    2.2740923631082280e-01 -5.2214065666910914e-01
    -8.7765832632767920e-03 -1.3651545149743288e+01
    -2.9613011269751204e+00 2.0832259961098426e+01
    2.5108634189709234e-01 -4.2690049084179327e-01
    3.7260254432814654e-03 -8.7805334990598993e+00
    -5.1137524451068206e+00 2.2944215709967576e+01
    3.3804048502983108e-01 -2.8802658036226925e-01
    -5.4089999431258095e-03 -6.9654689186966836e+00
    -6.6868922049455817e+00 2.4855378062316465e+01
    2.9608928139035007e-01 -2.0436906677479125e-01
    -4.9728333116093433e-02 -5.4110183799939007e+00
    -3.2021595053463656e+00 2.6829392885682424e+01</data></extrinsic_parameters>
</opencv_storage>
