<?xml version="1.0"?>
<opencv_storage>
<nrofframes>18</nrofframes>
<image_width>1920</image_width>
<image_height>1080</image_height>
<board_width>8</board_width>
<board_height>6</board_height>
<square_size>1</square_size>
<camera_matrix type_id="opencv-matrix">
  <rows>3</rows>
  <cols>3</cols>
  <dt>d</dt>
  <data>
    1.3724080612182076e+03 0. 1.0072561988396967e+03 0.
    1.3791684708406806e+03 5.5407358469821281e+02 0. 0. 1.</data></camera_matrix>
<distortion_coefficients type_id="opencv-matrix">
  <rows>5</rows>
  <cols>1</cols>
  <dt>d</dt>
  <data>
    1.0410851419053214e-01 -2.2212035428755175e-01
    9.3303510926709497e-04 3.1812674455847160e-03 8.9328423770736076e-02</data></distortion_coefficients>
<reprojection_error>6.1201524734497070e-01</reprojection_error>
<extrinsic_parameters type_id="opencv-matrix">
  <rows>18</rows>
  <cols>6</cols>
  <dt>d</dt>
  <data>
    -4.1372003882629055e-01 -6.6652500106082105e-02
    5.2244085815389939e-02 -4.0152014046712452e+00
    -2.3548510532579701e+00 2.5917254724135883e+01
    -3.7374717506704069e-01 3.7948409984153825e-01
    1.3038153237805401e-02 5.5197812709036942e+00
    -1.7420135398315451e+00 2.5967257058455697e+01
    -1.2974006374547634e-01 -5.3160133278613653e-01
    7.7333537464961116e-03 -1.1040426794259281e+01
    -4.9965605419940244e+00 2.0104556682312182e+01
    -1.4589117021608147e-01 -5.8792292901326648e-01
    8.4303372010262612e-02 -1.1070201452307325e+01
    -6.6086613286530742e+00 1.9344642607706636e+01
    -7.6839589912586781e-01 -3.8459114154164303e-01
    -2.7411200358610005e-01 -1.1035134927642003e+01
    -5.3461722074461404e-01 2.8812674373012484e+01
    -3.2852485873870879e-01 3.1797450019622359e-01
    -5.3988977848271689e-02 5.0896596508331706e+00
    -4.4340382594738958e+00 2.9794078356137909e+01
    -7.8953540448988269e-01 3.3656996027680625e-01
    -1.1429291192607657e-02 3.4994994601341931e+00
    4.8684864463977540e-01 2.2835561363408740e+01
    -7.2840074170838420e-01 1.1747152113453858e-01
    5.2007672254743266e-02 -1.8313504943508001e+00
    1.4114662060696297e+00 1.9100532859955987e+01
    -5.7218450022039147e-01 8.2516655489552712e-02
    2.5182501483013869e-01 -1.3840408808734594e+01
    -1.7776380168213550e+00 2.8387423095900772e+01
    -1.4687211006471643e-02 -2.3538034490874865e-01
    2.2263187555067965e-01 -6.2088761070986758e+00
    -4.5294449565849639e+00 1.3661292947588183e+01
    -2.2422192767414220e-01 -1.1499306689319925e-02
    -2.1964035591093967e-01 2.6180986722727067e+00
    -4.5417748117054639e+00 2.2433438302709209e+01
    -8.6063992582451643e-01 -3.0284738653922821e-01
    -4.0661839989138138e-01 -1.5239980590708284e+00
    8.7175697418479048e-01 1.7519381171817969e+01
    -9.5124314859058479e-01 -4.5312597516500808e-01
    -7.4921280283253533e-01 -6.5752247142865663e+00
    1.5916794445183320e+00 1.6734056632371789e+01
    -9.4226712913130575e-02 5.5255333082670355e-01
    1.8130035896807206e-01 -5.4019464719705628e+00
    -6.5498718233336701e+00 1.8803056292252702e+01
    -1.2392635366511950e-01 3.4694065616521141e-01
    2.6852656203841541e-01 -4.3741443464935772e+00
    -7.0881632670909402e+00 2.2536404850806488e+01
    -5.6226882080970431e-01 2.2772214397443140e-02
    -8.1708661813882533e-02 -7.8316734424814118e+00
    -5.0085706138853441e+00 2.5509938486093183e+01
    -4.3943760930637876e-01 4.9265409919940251e-01
    -1.5216837086212597e-02 -2.1778824411054223e+00
    -4.4733276065111864e+00 2.5318315073003280e+01
    -4.2658150092778796e-01 -1.0674953922540323e-01
    -3.9062157251310028e-02 -8.6295484051387668e+00
    -2.0698495849696386e+00 2.2656731398337360e+01</data></extrinsic_parameters>
</opencv_storage>
