<?xml version="1.0"?>
<opencv_storage>
<nrofframes>18</nrofframes>
<image_width>1920</image_width>
<image_height>1080</image_height>
<board_width>8</board_width>
<board_height>6</board_height>
<square_size>1</square_size>
<camera_matrix type_id="opencv-matrix">
  <rows>3</rows>
  <cols>3</cols>
  <dt>d</dt>
  <data>
    4.7406729085744024e+02 0. 9.7579076335502009e+02 0.
    4.7743249231903707e+02 5.8618731082666216e+02 0. 0. 1.</data></camera_matrix>
<distortion_coefficients type_id="opencv-matrix">
  <rows>5</rows>
  <cols>1</cols>
  <dt>d</dt>
  <data>
    -3.0404248968769626e-01 9.7517683375257680e-02
    -5.1988637969573584e-03 -3.4701118190528226e-03
    -1.3907599426203196e-02</data></distortion_coefficients>
<reprojection_error>5.6999450922012329e-01</reprojection_error>
<extrinsic_parameters type_id="opencv-matrix">
  <rows>18</rows>
  <cols>6</cols>
  <dt>d</dt>
  <data>
    -1.0029325409909105e-01 -6.4105987934552999e-01
    9.4458929575716971e-02 -1.6538270809027850e+01
    1.2150587151747780e+01 2.6155442941889927e+01 3.0379985330705911e-01
    -4.5782744735795750e-01 -2.9033696433335360e-01
    -9.4632193785546050e+00 4.6863037936679550e+00
    1.9643213783136115e+01 2.9027987275872334e-02
    -2.3991097421176971e-01 1.1729340158010786e+00
    4.2117597914011053e+00 2.4616430734191814e+00 2.6113929465590882e+01
    6.3868794314595245e-01 -3.2661920391797195e-01
    5.8632588740359071e-01 2.7841971038408544e+00
    -2.8962357495207911e+00 1.1653351009691590e+01
    6.7599680013697161e-01 -2.9124190753145113e-01
    4.7691355530322166e-01 1.9470731831450290e+00
    -3.9576342701043554e+00 1.0784482463687317e+01
    1.0718953628348595e+00 3.0347704627418659e-01 1.4500326052282134e-01
    1.2850918032519187e+00 -7.0681443877281565e+00
    1.3252719561131308e+01 -3.5086215158810252e-01
    4.8203949276070102e-01 -1.2167401850698392e+00
    3.0987718125577906e+00 1.2165291159720370e+01 2.2199711239184886e+01
    -4.6009072433566134e-01 1.9867613885552163e-01
    -9.3745757001460506e-01 -8.7976753541858210e-01
    1.1448164351300033e+01 1.5890764488617936e+01
    -1.2482189612142411e-01 -4.9404800467073579e-01
    -9.3744245502204809e-02 -5.7932818027748931e+00
    -2.3303426575067462e-01 9.1877648201581703e+00
    4.6295257551942940e-03 -4.3602436892062402e-01
    -1.1113401065423163e-01 -5.0978765100537347e+00
    1.3106482391535914e+00 9.9760955866543259e+00
    -2.5294574407529935e-01 3.7674535440668766e-01
    1.2022536601274527e-02 2.8732157529417970e+00 1.4355120329260975e+00
    1.0396976552334797e+01 1.3409717021046826e-02 2.9788558615609367e-01
    6.0096897846473561e-02 2.0982414331762551e+00
    -9.9107337206973434e-01 9.1001683376675597e+00
    3.0695654860066413e-01 -6.7038737037595775e-03
    -4.0590134602793600e-02 1.3241247712054385e+00
    -3.1147013000194970e+00 8.2571343847862870e+00
    4.5961249424385664e-01 -3.8265960474239819e-01
    1.4656608692162320e-02 -4.7915359188703741e+00
    -4.2587810301982199e+00 1.2628681219541228e+01
    7.1742436026384415e-01 -8.0530477751569818e-01
    1.2523911557266085e-01 -6.5654547704371593e+00
    -4.2168424089852952e+00 7.1961169618793095e+00
    7.2707626251683144e-01 -8.3348481417935757e-02
    1.6505822865829628e-01 -7.7845466902118918e+00
    -5.0470705722898801e+00 1.5174939984549514e+01
    6.8850219231999565e-01 3.3216461905843382e-02 1.3030016414285547e-01
    -4.3297737863181962e-01 -4.1217455029244263e+00
    1.8480950305851589e+01 4.1134162900238092e-01
    -5.0941922070516343e-02 1.3596764140679085e-01
    -9.5760669795240994e-01 1.9444820542061618e+00
    2.1017252197703641e+01</data></extrinsic_parameters>
</opencv_storage>
