<?xml version="1.0"?>
<opencv_storage>
<proj_0_Rmat type_id="opencv-matrix">
  <rows>3</rows>
  <cols>3</cols>
  <dt>f</dt>
  <data>
    5.97913682e-01 -4.29856747e-01 -6.76551759e-01 -8.01431954e-01
    -3.05482149e-01 -5.14186203e-01 1.43519156e-02 8.49649191e-01
    -5.27152956e-01</data></proj_0_Rmat>
<proj_0_Tvec type_id="opencv-matrix">
  <rows>3</rows>
  <cols>1</cols>
  <dt>f</dt>
  <data>
    1.80216581e-01 7.13672563e-02 9.81034517e-01</data></proj_0_Tvec>
<sphere_pose type_id="opencv-matrix">
  <rows>4</rows>
  <cols>1</cols>
  <dt>d</dt>
  <data>
    8.7904147803783417e-03 1.3784822821617126e-01
    -4.6604096889495850e-02 3.2387563586235046e-01</data></sphere_pose>
</opencv_storage>
