<?xml version="1.0"?>
<opencv_storage>
<nrofframes>15</nrofframes>
<image_width>640</image_width>
<image_height>480</image_height>
<board_width>10</board_width>
<board_height>8</board_height>
<square_size>1</square_size>
<camera_matrix type_id="opencv-matrix">
  <rows>3</rows>
  <cols>3</cols>
  <dt>d</dt>
  <data>
    1.2391486264550308e+03 0. 2.9972128678304898e+02 0.
    1.2273435763509717e+03 2.2793689263875703e+02 0. 0. 1.</data></camera_matrix>
<distortion_coefficients type_id="opencv-matrix">
  <rows>5</rows>
  <cols>1</cols>
  <dt>d</dt>
  <data>
    -3.9987893766676463e-01 3.0877345217995580e+00
    -2.9528739990152472e-03 7.5127889999576404e-03
    -2.7052849484455354e+01</data></distortion_coefficients>
<reprojection_error>6.2337529659271240e-01</reprojection_error>
<extrinsic_parameters type_id="opencv-matrix">
  <rows>15</rows>
  <cols>6</cols>
  <dt>d</dt>
  <data>
    7.8353566557576559e-01 -1.4528265440521126e-01
    -2.6199454062877185e+00 5.8697327693552594e+00
    -4.1516242238572856e+00 1.5385094784502334e+01
    1.0160104794594960e+00 -5.8200139701617908e-02
    -2.8694601473577808e+00 2.4968576722274110e+00
    1.0835783606583973e+01 1.6402203083256666e+01
    -9.4629452412656356e-01 1.1485079177670185e-01
    2.8203742111233132e+00 5.2729127217465024e+00 1.0483436917843990e+01
    1.5527495534495518e+01 -9.2552941796609522e-01
    -1.8672760275920389e-01 2.8199592420353010e+00
    4.6546559771367475e+00 1.1292046482389019e+01 1.8333964675754181e+01
    -8.0177202764981226e-01 -4.0080222907503160e-01
    3.0046732082209497e+00 2.2412535917510312e+00 1.1157118428336622e+01
    2.0285859263156002e+01 6.7049446565089987e-01
    -2.7023643999903724e-01 -2.8692410176165044e+00
    6.0993635901668171e+00 -6.2231853191880599e+00
    1.8877430544052334e+01 7.8339249091829399e-01 1.6601457898918762e-02
    -3.0093488271248292e+00 6.1211698494340432e+00
    -7.2271393109258435e+00 1.8062332217359394e+01
    -5.0724925945535992e-01 -4.0999371235530879e-01
    1.7178592646030850e+00 1.1308458042553957e+01
    -9.8974934475437748e-01 1.8923208065705989e+01
    -5.4157340056090630e-01 -4.5832270121878643e-01
    1.5658635562815595e+00 1.0576786746058524e+01
    -5.5732194303422480e+00 1.8796094903859501e+01
    -6.3087650588746613e-01 -4.9828327852501469e-01
    1.9960351999693398e+00 1.0730405739173600e+01
    -2.0053766598646219e-01 1.8814728419052017e+01
    -5.8969725915359561e-01 -4.8373458761277305e-01
    2.0375836834459968e+00 1.0724247590395631e+01 7.0865297180673914e-01
    1.9446317639610783e+01 -6.5933974902505199e-01
    -2.8423219826644336e-01 2.1024046845718591e+00
    1.1130795718591402e+01 1.6946056579523900e+00 1.7264902901630975e+01
    -7.8743596297683238e-01 -1.8140993709840084e-01
    2.3784116923906971e+00 1.0012160841251902e+01 5.8365917689989670e+00
    1.9661725446667422e+01 -8.6701180997418847e-01
    -1.9464773921887435e-01 2.1985784204703673e+00
    9.7485798756858539e+00 4.3729246086490887e+00 1.8384916186865766e+01
    -8.5360809527857451e-01 -9.6323296700411398e-02
    2.2037990615802405e+00 1.0111462457284183e+01 4.4099606365968480e+00
    1.7521952176554940e+01</data></extrinsic_parameters>
</opencv_storage>
