<?xml version="1.0"?>
<opencv_storage>
<cam_pts type_id="opencv-matrix">
  <rows>66</rows>
  <cols>2</cols>
  <dt>f</dt>
  <data>
    9.97812439e+02 8.35343506e+02 1.03762817e+03 7.95519165e+02
    1.07476660e+03 7.32348145e+02 1.11616846e+03 6.77639954e+02
    1.16191748e+03 6.28706848e+02 1.21316565e+03 5.85925903e+02
    9.56077576e+02 8.13314880e+02 9.89566528e+02 7.42590149e+02
    1.02657629e+03 6.81355347e+02 1.06670190e+03 6.24199280e+02
    1.11119019e+03 5.72145325e+02 1.16033997e+03 5.24651062e+02
    1.21668237e+03 4.82777008e+02 9.07838318e+02 7.68242188e+02
    9.40487854e+02 7.00085999e+02 9.76763489e+02 6.37559082e+02
    1.01631427e+03 5.79104492e+02 1.05966077e+03 5.23841064e+02
    1.10760547e+03 4.72096130e+02 1.16158704e+03 4.24393646e+02
    1.22588367e+03 3.83903381e+02 8.29648926e+02 8.11348938e+02
    8.58417358e+02 7.32485901e+02 8.90213806e+02 6.63392151e+02
    9.25059265e+02 5.99375610e+02 9.63733948e+02 5.38393860e+02
    1.00577472e+03 4.79964050e+02 1.05250928e+03 4.24452118e+02
    1.10466614e+03 3.72595612e+02 1.16638586e+03 3.24969696e+02
    7.78695679e+02 7.82946960e+02 8.06755798e+02 7.02287170e+02
    8.37396667e+02 6.31734680e+02 8.70885925e+02 5.65688293e+02
    9.08532043e+02 5.01922241e+02 9.50134338e+02 4.40759949e+02
    1.04705420e+03 3.25176788e+02 1.10594824e+03 2.72003540e+02
    7.27310059e+02 7.60955872e+02 7.53914490e+02 6.77995728e+02
    7.83523682e+02 6.04783630e+02 8.16110779e+02 5.35568787e+02
    8.52018799e+02 4.69273560e+02 8.92239563e+02 4.04954681e+02
    9.36776611e+02 3.42660889e+02 9.86258057e+02 2.82084473e+02
    1.04365833e+03 2.23950272e+02 6.78151001e+02 7.38189941e+02
    6.99135681e+02 6.59443726e+02 7.27473206e+02 5.82348633e+02
    7.58841492e+02 5.10301483e+02 7.93390564e+02 4.40891479e+02
    8.31764465e+02 3.73311005e+02 8.74443909e+02 3.07367920e+02
    9.21624573e+02 2.42645996e+02 6.41493591e+02 6.48212646e+02
    6.68796509e+02 5.66114685e+02 6.98771606e+02 4.90149353e+02
    7.31620605e+02 4.17298096e+02 7.67838501e+02 3.46557922e+02
    8.07797363e+02 2.76417938e+02 6.06342346e+02 5.58285217e+02
    6.34856445e+02 4.77530884e+02 6.66096069e+02 3.99522675e+02
    5.65610962e+02 4.80381927e+02 5.92801697e+02 3.91855957e+02</data></cam_pts>
<proj_pts type_id="opencv-matrix">
  <rows>66</rows>
  <cols>2</cols>
  <dt>f</dt>
  <data>
    1.96615387e+02 4.35454559e+01 2.45769226e+02 4.35454559e+01
    2.94923096e+02 4.35454559e+01 3.44076935e+02 4.35454559e+01
    3.93230774e+02 4.35454559e+01 4.42384613e+02 4.35454559e+01
    1.96615387e+02 8.70909119e+01 2.45769226e+02 8.70909119e+01
    2.94923096e+02 8.70909119e+01 3.44076935e+02 8.70909119e+01
    3.93230774e+02 8.70909119e+01 4.42384613e+02 8.70909119e+01
    4.91538452e+02 8.70909119e+01 1.96615387e+02 1.30636368e+02
    2.45769226e+02 1.30636368e+02 2.94923096e+02 1.30636368e+02
    3.44076935e+02 1.30636368e+02 3.93230774e+02 1.30636368e+02
    4.42384613e+02 1.30636368e+02 4.91538452e+02 1.30636368e+02
    5.40692322e+02 1.30636368e+02 1.47461548e+02 1.74181824e+02
    1.96615387e+02 1.74181824e+02 2.45769226e+02 1.74181824e+02
    2.94923096e+02 1.74181824e+02 3.44076935e+02 1.74181824e+02
    3.93230774e+02 1.74181824e+02 4.42384613e+02 1.74181824e+02
    4.91538452e+02 1.74181824e+02 5.40692322e+02 1.74181824e+02
    1.47461548e+02 2.17727280e+02 1.96615387e+02 2.17727280e+02
    2.45769226e+02 2.17727280e+02 2.94923096e+02 2.17727280e+02
    3.44076935e+02 2.17727280e+02 3.93230774e+02 2.17727280e+02
    4.91538452e+02 2.17727280e+02 5.40692322e+02 2.17727280e+02
    1.47461548e+02 2.61272736e+02 1.96615387e+02 2.61272736e+02
    2.45769226e+02 2.61272736e+02 2.94923096e+02 2.61272736e+02
    3.44076935e+02 2.61272736e+02 3.93230774e+02 2.61272736e+02
    4.42384613e+02 2.61272736e+02 4.91538452e+02 2.61272736e+02
    5.40692322e+02 2.61272736e+02 1.47461548e+02 3.04818176e+02
    1.96615387e+02 3.04818176e+02 2.45769226e+02 3.04818176e+02
    2.94923096e+02 3.04818176e+02 3.44076935e+02 3.04818176e+02
    3.93230774e+02 3.04818176e+02 4.42384613e+02 3.04818176e+02
    4.91538452e+02 3.04818176e+02 1.96615387e+02 3.48363647e+02
    2.45769226e+02 3.48363647e+02 2.94923096e+02 3.48363647e+02
    3.44076935e+02 3.48363647e+02 3.93230774e+02 3.48363647e+02
    4.42384613e+02 3.48363647e+02 2.45769226e+02 3.91909119e+02
    2.94923096e+02 3.91909119e+02 3.44076935e+02 3.91909119e+02
    2.94923096e+02 4.35454559e+02 3.44076935e+02 4.35454559e+02</data></proj_pts>
</opencv_storage>
